cameraINfile cam-in
cameraOUTfile cam-out
#units:milimeters
#robotics lab
worldline 0.000000 0.000000 0.000000 1.000000 0.000000 0.000000 2880.000000 1.000000
worldline 0.000000 3570.000000 0.000000 1.000000 0.000000 3570.000000 2880.000000 1.000000
worldline 340.000000 3570.000000 0.000000 1.000000 340.000000 3570.000000 2880.000000 1.000000
worldline 340.000000 4030.000000 0.000000 1.000000 340.000000 4030.000000 2880.000000 1.000000
worldline 510.000000 4030.000000 0.000000 1.000000 510.000000 4030.000000 2880.000000 1.000000
worldline 810.000000 4030.000000 0.000000 1.000000 810.000000 4030.000000 2880.000000 1.000000
worldline 860.000000 4030.000000 0.000000 1.000000 860.000000 4030.000000 2880.000000 1.000000
worldline 1960.000000 4030.000000 0.000000 1.000000 1960.000000 4030.000000 2880.000000 1.000000
worldline 2010.000000 4030.000000 0.000000 1.000000 2010.000000 4030.000000 2880.000000 1.000000
worldline 3110.000000 4030.000000 0.000000 1.000000 3110.000000 4030.000000 2880.000000 1.000000
worldline 3160.000000 4030.000000 0.000000 1.000000 3160.000000 4030.000000 2880.000000 1.000000
worldline 3770.000000 0.000000 0.000000 1.000000 3770.000000 0.000000 2880.000000 1.000000
worldline 0.000000 0.000000 0.000000 1.000000 0.000000 3570.000000 0.000000 1.000000
worldline 0.000000 0.000000 2880.000000 1.000000 0.000000 3570.000000 2880.000000 1.000000
worldline 0.000000 0.000000 0.000000 1.000000 3770.000000 0.000000 0.000000 1.000000
worldline 0.000000 0.000000 2880.000000 1.000000 3770.000000 0.000000 2880.000000 1.000000
worldline 3770.000000 0.000000 0.000000 1.000000 3770.000000 -810.000000 0.000000 1.000000
worldline 3770.000000 0.000000 2880.000000 1.000000 3770.000000 -810.000000 2880.000000 1.000000
worldline 3770.000000 -810.000000 0.000000 1.000000 3770.000000 -810.000000 2880.000000 1.000000
worldline 4960.000000 3600.000000 0.000000 1.000000 4960.000000 3600.000000 2880.000000 1.000000
worldline 0.000000 3570.000000 0.000000 1.000000 340.000000 3570.000000 0.000000 1.000000
worldline 0.000000 3570.000000 2880.000000 1.000000 340.000000 3570.000000 2880.000000 1.000000
worldline 340.000000 3570.000000 0.000000 1.000000 340.000000 4030.000000 0.000000 1.000000
worldline 340.000000 3570.000000 2880.000000 1.000000 340.000000 4030.000000 2880.000000 1.000000
worldline 340.000000 4030.000000 0.000000 1.000000 10000.000000 4030.000000 0.000000 1.000000
worldline 340.000000 4030.000000 2880.000000 1.000000 10000.000000 4030.000000 2880.000000 1.000000
worldline 2010.000000 4030.000000 920.000000 1.000000 3110.000000 4030.000000 920.000000 1.000000
worldline 2010.000000 4030.000000 970.000000 1.000000 3110.000000 4030.000000 970.000000 1.000000
worldline 2010.000000 4030.000000 1870.000000 1.000000 3110.000000 4030.000000 1870.000000 1.000000
worldline 2010.000000 4030.000000 1920.000000 1.000000 3110.000000 4030.000000 1920.000000 1.000000
worldline 5270.000000 3600.000000 0.000000 1.000000 5270.000000 3600.000000 2880.000000 1.000000
worldline 4960.000000 3600.000000 0.000000 1.000000 5270.000000 3600.000000 0.000000 1.000000
worldline 4960.000000 3600.000000 2880.000000 1.000000 5270.000000 3600.000000 2880.000000 1.000000
worldline 4960.000000 4030.000000 0.000000 1.000000 4960.000000 3600.000000 0.000000 1.000000
worldline 4960.000000 3600.000000 2880.000000 1.000000 4960.000000 4030.000000 2880.000000 1.000000
worldline 5270.000000 3600.000000 0.000000 1.000000 5270.000000 4030.000000 0.000000 1.000000
worldline 5270.000000 3600.000000 2880.000000 1.000000 5270.000000 4030.000000 2880.000000 1.000000
worldline 4960.000000 4030.000000 0.000000 1.000000 4960.000000 4030.000000 2880.000000 1.000000
worldline 5270.000000 4030.000000 0.000000 1.000000 5270.000000 4030.000000 2880.000000 1.000000
worldline 4260.000000 4030.000000 0.000000 1.000000 4260.000000 4030.000000 2880.000000 1.000000
worldline 4310.000000 4030.000000 0.000000 1.000000 4310.000000 4030.000000 2880.000000 1.000000
worldline 0.000000 280.000000 0.000000 1.000000 5340.000000 280.000000 0.000000 1.000000
worldline 0.000000 780.000000 0.000000 1.000000 5340.000000 780.000000 0.000000 1.000000
worldline 0.000000 1280.000000 0.000000 1.000000 5340.000000 1280.000000 0.000000 1.000000
worldline 0.000000 1780.000000 0.000000 1.000000 5340.000000 1780.000000 0.000000 1.000000
worldline 0.000000 2280.000000 0.000000 1.000000 5340.000000 2280.000000 0.000000 1.000000
worldline 0.000000 2780.000000 0.000000 1.000000 5340.000000 2780.000000 0.000000 1.000000
worldline 0.000000 3280.000000 0.000000 1.000000 5340.000000 3280.000000 0.000000 1.000000
worldline 0.000000 3780.000000 0.000000 1.000000 5340.000000 3780.000000 0.000000 1.000000
worldline 340.000000 0.000000 0.000000 1.000000 340.000000 4030.000000 0.000000 1.000000
worldline 840.000000 0.000000 0.000000 1.000000 840.000000 4030.000000 0.000000 1.000000
worldline 1340.000000 0.000000 0.000000 1.000000 1340.000000 4030.000000 0.000000 1.000000
worldline 1840.000000 0.000000 0.000000 1.000000 1840.000000 4030.000000 0.000000 1.000000
worldline 2340.000000 0.000000 0.000000 1.000000 2340.000000 4030.000000 0.000000 1.000000
worldline 2840.000000 0.000000 0.000000 1.000000 2840.000000 4030.000000 0.000000 1.000000
worldline 3340.000000 0.000000 0.000000 1.000000 3340.000000 4030.000000 0.000000 1.000000
worldline 3840.000000 0.000000 0.000000 1.000000 3840.000000 4030.000000 0.000000 1.000000
worldline 4340.000000 0.000000 0.000000 1.000000 4340.000000 4030.000000 0.000000 1.000000
worldline 4840.000000 0.000000 0.000000 1.000000 4840.000000 4030.000000 0.000000 1.000000
worldline 5340.000000 0.000000 0.000000 1.000000 5340.000000 4030.000000 0.000000 1.000000
worldline 5290.000000 1560.000000 0.000000 1.000000 5290.000000 3700.000000 0.000000 1.000000
worldline 5290.000000 1560.000000 2080.000000 1.000000 5290.000000 3700.000000 2080.000000 1.000000
worldline 5290.000000 1560.000000 0.000000 1.000000 5290.000000 1560.000000 2080.000000 1.000000
worldline 5290.000000 3700.000000 0.000000 1.000000 5290.000000 3700.000000 2080.000000 1.000000
worldline 5290.000000 3700.000000 0.000000 1.000000 5290.000000 3700.000000 2080.000000 1.000000
worldline 0.000000 0.000000 0.000000 0.000000 0.000000 0.000000 0.000000 0.000000

