cameraINfile cam-in
cameraOUTfile cam-out
#units:milimeters
#robotics lab
worldline 0.000000 0.000000 3000.000000 1.000000 0.000000 4589.000000 3000.000000 1.000000
worldline 0.000000 0.000000 3000.000000 1.000000 1211.000000 0.000000 3000.000000 1.000000
worldline 1211.000000 0.000000 3000.000000 1.000000 1211.000000 -554.000000 3000.000000 1.000000
worldline 1211.000000 -554.000000 3000.000000 1.000000 5476.000000 -554.000000 3000.000000 1.000000
worldline 5476.000000 -554.000000 3000.000000 1.000000 5476.000000 -119.000000 3000.000000 1.000000
worldline 5476.000000 -119.000000 3000.000000 1.000000 6110.000000 -119.000000 3000.000000 1.000000
worldline 6110.000000 -119.000000 3000.000000 1.000000 6110.000000 -554.000000 3000.000000 1.000000
worldline 6110.000000 -554.000000 3000.000000 1.000000 7925.000000 -554.000000 3000.000000 1.000000
worldline 7925.000000 -554.000000 3000.000000 1.000000 7925.000000 4879.000000 3000.000000 1.000000
worldline 7925.000000 4879.000000 3000.000000 1.000000 6264.000000 4879.000000 3000.000000 1.000000
worldline 6264.000000 4879.000000 3000.000000 1.000000 6264.000000 4589.000000 3000.000000 1.000000
worldline 6264.000000 4589.000000 3000.000000 1.000000 5498.000000 4589.000000 3000.000000 1.000000
worldline 5498.000000 4589.000000 3000.000000 1.000000 5498.000000 4879.000000 3000.000000 1.000000
worldline 5498.000000 4879.000000 3000.000000 1.000000 2419.000000 4879.000000 3000.000000 1.000000
worldline 2419.000000 4879.000000 3000.000000 1.000000 2419.000000 4589.000000 3000.000000 1.000000
worldline 2419.000000 4589.000000 3000.000000 1.000000 0.000000 4589.000000 3000.000000 1.000000
worldline 0.000000 0.000000 0.000000 1.000000 0.000000 4589.000000 0.000000 1.000000
worldline 0.000000 0.000000 0.000000 1.000000 1211.000000 0.000000 0.000000 1.000000
worldline 1211.000000 0.000000 0.000000 1.000000 1211.000000 -554.000000 0.000000 1.000000
worldline 1211.000000 -554.000000 0.000000 1.000000 5476.000000 -554.000000 0.000000 1.000000
worldline 5476.000000 -554.000000 0.000000 1.000000 5476.000000 -119.000000 0.000000 1.000000
worldline 5476.000000 -119.000000 0.000000 1.000000 6110.000000 -119.000000 0.000000 1.000000
worldline 6110.000000 -119.000000 0.000000 1.000000 6110.000000 -554.000000 0.000000 1.000000
worldline 6110.000000 -554.000000 0.000000 1.000000 7925.000000 -554.000000 0.000000 1.000000
worldline 7925.000000 -554.000000 0.000000 1.000000 7925.000000 4879.000000 0.000000 1.000000
worldline 7925.000000 4879.000000 0.000000 1.000000 6264.000000 4879.000000 0.000000 1.000000
worldline 6264.000000 4879.000000 0.000000 1.000000 6264.000000 4589.000000 0.000000 1.000000
worldline 6264.000000 4589.000000 0.000000 1.000000 5498.000000 4589.000000 0.000000 1.000000
worldline 5498.000000 4589.000000 0.000000 1.000000 5498.000000 4879.000000 0.000000 1.000000
worldline 5498.000000 4879.000000 0.000000 1.000000 2419.000000 4879.000000 0.000000 1.000000
worldline 2419.000000 4879.000000 0.000000 1.000000 2419.000000 4589.000000 0.000000 1.000000
worldline 2419.000000 4589.000000 0.000000 1.000000 0.000000 4589.000000 0.000000 1.000000
worldline 0.000000 0.000000 0.000000 1.000000 0.000000 0.000000 3000.000000 1.000000
worldline 1211.000000 0.000000 0.000000 1.000000 1211.000000 0.000000 3000.000000 1.000000
worldline 1211.000000 -554.000000 0.000000 1.000000 1211.000000 -554.000000 3000.000000 1.000000
worldline 3879.000000 -554.000000 0.000000 1.000000 3879.000000 -554.000000 2030.000000 1.000000
worldline 3879.000000 -554.000000 2030.000000 1.000000 4613.000000 -554.000000 2030.000000 1.000000
worldline 4613.000000 -554.000000 2030.000000 1.000000 4613.000000 -554.000000 0.000000 1.000000
worldline 5476.000000 -554.000000 0.000000 1.000000 5476.000000 -554.000000 3000.000000 1.000000
worldline 5476.000000 -119.000000 0.000000 1.000000 5476.000000 -119.000000 3000.000000 1.000000
worldline 6110.000000 -119.000000 0.000000 1.000000 6110.000000 -119.000000 3000.000000 1.000000
worldline 6110.000000 -554.000000 0.000000 1.000000 6110.000000 -554.000000 3000.000000 1.000000
worldline 7925.000000 -554.000000 0.000000 1.000000 7925.000000 -554.000000 3000.000000 1.000000
worldline 7925.000000 4879.000000 0.000000 1.000000 7925.000000 4879.000000 3000.000000 1.000000
worldline 6264.000000 4879.000000 0.000000 1.000000 6264.000000 4879.000000 3000.000000 1.000000
worldline 6264.000000 4589.000000 0.000000 1.000000 6264.000000 4589.000000 3000.000000 1.000000
worldline 5498.000000 4589.000000 0.000000 1.000000 5498.000000 4589.000000 3000.000000 1.000000
worldline 5498.000000 4879.000000 0.000000 1.000000 5498.000000 4879.000000 3000.000000 1.000000
worldline 2419.000000 4879.000000 0.000000 1.000000 2419.000000 4879.000000 3000.000000 1.000000
worldline 2419.000000 4589.000000 0.000000 1.000000 2419.000000 4589.000000 3000.000000 1.000000
worldline 0.000000 4589.000000 0.000000 1.000000 0.000000 4589.000000 3000.000000 1.000000
worldline 2585.000000 4879.000000 835.000000 1.000000 5335.000000 4879.000000 835.000000 1.000000
worldline 2585.000000 4879.000000 2532.000000 1.000000 5335.000000 4879.000000 2532.000000 1.000000
worldline 2585.000000 4879.000000 835.000000 1.000000 2585.000000 4879.000000 2532.000000 1.000000
worldline 5335.000000 4879.000000 835.000000 1.000000 5335.000000 4879.000000 2532.000000 1.000000
worldline 3960.000000 4879.000000 835.000000 1.000000 3960.000000 4879.000000 2532.000000 1.000000
worldline 1560.000000 596.000000 0.000000 1.000000 1560.000000 4589.000000 0.000000 1.000000
worldline 5498.000000 4589.000000 0.000000 1.000000 2419.000000 4589.000000 0.000000 1.000000
worldline 1560.000000 596.000000 0.000000 1.000000 7925.000000 596.000000 0.000000 1.000000
worldline 6264.000000 4589.000000 0.000000 1.000000 7925.000000 4589.000000 0.000000 1.000000
worldline 2160.000000 796.000000 0.000000 1.000000 2160.000000 4301.000000 0.000000 1.000000
worldline 2160.000000 796.000000 0.000000 1.000000 7560.000000 796.000000 0.000000 1.000000
worldline 2160.000000 4301.000000 0.000000 1.000000 7560.000000 4301.000000 0.000000 1.000000
worldline 7560.000000 796.000000 0.000000 1.000000 7560.000000 4301.000000 0.000000 1.000000
worldline 4860.000000 796.000000 0.000000 1.000000 4860.000000 4301.000000 0.000000 1.000000
worldline 2160.000000 2051.000000 0.000000 1.000000 2810.000000 2051.000000 0.000000 1.000000
worldline 2810.000000 2051.000000 0.000000 1.000000 2810.000000 3351.000000 0.000000 1.000000
worldline 2810.000000 3351.000000 0.000000 1.000000 2160.000000 3351.000000 0.000000 1.000000
worldline 7560.000000 2051.000000 0.000000 1.000000 6910.000000 2051.000000 0.000000 1.000000
worldline 7560.000000 3351.000000 0.000000 1.000000 6910.000000 3351.000000 0.000000 1.000000
worldline 6910.000000 2051.000000 0.000000 1.000000 6910.000000 3351.000000 0.000000 1.000000
worldline 4500.000000 2341.000000 0.000000 1.000000 4500.000000 3061.000000 0.000000 1.000000
worldline 5220.000000 2341.000000 0.000000 1.000000 5220.000000 3061.000000 0.000000 1.000000
worldline 4500.000000 2341.000000 0.000000 1.000000 5220.000000 2341.000000 0.000000 1.000000
worldline 4500.000000 3061.000000 0.000000 1.000000 5220.000000 3061.000000 0.000000 1.000000
