#units:milimeters
#robotics lab
max_room_x 79250,000000
max_room_y 47890,000000
max_room_z 30550,000000
worldline 0,000000 0,000000 3000,000000 1,000000 0,000000 4589,000000 3000,000000 1,000000
worldline 0,000000 0,000000 3000,000000 1,000000 1211,000000 0,000000 3000,000000 1,000000
worldline 1211,000000 0,000000 3000,000000 1,000000 1211,000000 -554,000000 3000,000000 1,000000
worldline 1211,000000 -554,000000 3000,000000 1,000000 5476,000000 -554,000000 3000,000000 1,000000
worldline 5476,000000 -554,000000 3000,000000 1,000000 5476,000000 -119,000000 3000,000000 1,000000
worldline 5476,000000 -119,000000 3000,000000 1,000000 6110,000000 -119,000000 3000,000000 1,000000
worldline 6110,000000 -119,000000 3000,000000 1,000000 6110,000000 -554,000000 3000,000000 1,000000
worldline 6110,000000 -554,000000 3000,000000 1,000000 7925,000000 -554,000000 3000,000000 1,000000
worldline 7925,000000 -554,000000 3000,000000 1,000000 7925,000000 4879,000000 3000,000000 1,000000
worldline 7925,000000 4879,000000 3000,000000 1,000000 6264,000000 4879,000000 3000,000000 1,000000
worldline 6264,000000 4879,000000 3000,000000 1,000000 6264,000000 4589,000000 3000,000000 1,000000
worldline 6264,000000 4589,000000 3000,000000 1,000000 5498,000000 4589,000000 3000,000000 1,000000
worldline 5498,000000 4589,000000 3000,000000 1,000000 5498,000000 4879,000000 3000,000000 1,000000
worldline 5498,000000 4879,000000 3000,000000 1,000000 2419,000000 4879,000000 3000,000000 1,000000
worldline 2419,000000 4879,000000 3000,000000 1,000000 2419,000000 4589,000000 3000,000000 1,000000
worldline 2419,000000 4589,000000 3000,000000 1,000000 0,000000 4589,000000 3000,000000 1,000000
worldline 0,000000 0,000000 0,000000 1,000000 0,000000 4589,000000 0,000000 1,000000
worldline 0,000000 0,000000 0,000000 1,000000 1211,000000 0,000000 0,000000 1,000000
worldline 1211,000000 0,000000 0,000000 1,000000 1211,000000 -554,000000 0,000000 1,000000
worldline 1211,000000 -554,000000 0,000000 1,000000 5476,000000 -554,000000 0,000000 1,000000
worldline 5476,000000 -554,000000 0,000000 1,000000 5476,000000 -119,000000 0,000000 1,000000
worldline 5476,000000 -119,000000 0,000000 1,000000 6110,000000 -119,000000 0,000000 1,000000
worldline 6110,000000 -119,000000 0,000000 1,000000 6110,000000 -554,000000 0,000000 1,000000
worldline 6110,000000 -554,000000 0,000000 1,000000 7925,000000 -554,000000 0,000000 1,000000
worldline 7925,000000 -554,000000 0,000000 1,000000 7925,000000 4879,000000 0,000000 1,000000
worldline 7925,000000 4879,000000 0,000000 1,000000 6264,000000 4879,000000 0,000000 1,000000
worldline 6264,000000 4879,000000 0,000000 1,000000 6264,000000 4589,000000 0,000000 1,000000
worldline 6264,000000 4589,000000 0,000000 1,000000 5498,000000 4589,000000 0,000000 1,000000
worldline 5498,000000 4589,000000 0,000000 1,000000 5498,000000 4879,000000 0,000000 1,000000
worldline 5498,000000 4879,000000 0,000000 1,000000 2419,000000 4879,000000 0,000000 1,000000
worldline 2419,000000 4879,000000 0,000000 1,000000 2419,000000 4589,000000 0,000000 1,000000
worldline 2419,000000 4589,000000 0,000000 1,000000 0,000000 4589,000000 0,000000 1,000000
worldline 0,000000 0,000000 0,000000 1,000000 0,000000 0,000000 3000,000000 1,000000
worldline 1211,000000 0,000000 0,000000 1,000000 1211,000000 0,000000 3000,000000 1,000000
worldline 1211,000000 -554,000000 0,000000 1,000000 1211,000000 -554,000000 3000,000000 1,000000
worldline 3879,000000 -554,000000 0,000000 1,000000 3879,000000 -554,000000 2030,000000 1,000000
worldline 3879,000000 -554,000000 2030,000000 1,000000 4613,000000 -554,000000 2030,000000 1,000000
worldline 4613,000000 -554,000000 2030,000000 1,000000 4613,000000 -554,000000 0,000000 1,000000
worldline 5476,000000 -554,000000 0,000000 1,000000 5476,000000 -554,000000 3000,000000 1,000000
worldline 5476,000000 -119,000000 0,000000 1,000000 5476,000000 -119,000000 3000,000000 1,000000
worldline 6110,000000 -119,000000 0,000000 1,000000 6110,000000 -119,000000 3000,000000 1,000000
worldline 6110,000000 -554,000000 0,000000 1,000000 6110,000000 -554,000000 3000,000000 1,000000
worldline 7925,000000 -554,000000 0,000000 1,000000 7925,000000 -554,000000 3000,000000 1,000000
worldline 7925,000000 4879,000000 0,000000 1,000000 7925,000000 4879,000000 3000,000000 1,000000
worldline 6264,000000 4879,000000 0,000000 1,000000 6264,000000 4879,000000 3000,000000 1,000000
worldline 6264,000000 4589,000000 0,000000 1,000000 6264,000000 4589,000000 3000,000000 1,000000
worldline 5498,000000 4589,000000 0,000000 1,000000 5498,000000 4589,000000 3000,000000 1,000000
worldline 5498,000000 4879,000000 0,000000 1,000000 5498,000000 4879,000000 3000,000000 1,000000
worldline 2419,000000 4879,000000 0,000000 1,000000 2419,000000 4879,000000 3000,000000 1,000000
worldline 2419,000000 4589,000000 0,000000 1,000000 2419,000000 4589,000000 3000,000000 1,000000
worldline 0,000000 4589,000000 0,000000 1,000000 0,000000 4589,000000 3000,000000 1,000000
worldline 2585,000000 4879,000000 835,000000 1,000000 5335,000000 4879,000000 835,000000 1,000000
worldline 2585,000000 4879,000000 2532,000000 1,000000 5335,000000 4879,000000 2532,000000 1,000000
worldline 2585,000000 4879,000000 835,000000 1,000000 2585,000000 4879,000000 2532,000000 1,000000
worldline 5335,000000 4879,000000 835,000000 1,000000 5335,000000 4879,000000 2532,000000 1,000000
worldline 3960,000000 4879,000000 835,000000 1,000000 3960,000000 4879,000000 2532,000000 1,000000
#
worldline 1560,000000 596,000000 0,000000 1,000000 1560,000000 4589,000000 0,000000 1,000000
worldline 5498,000000 4589,000000 0,000000 1,000000 2419,000000 4589,000000 0,000000 1,000000
worldline 1560,000000 596,000000 0,000000 1,000000 7925,000000 596,000000 0,000000 1,000000
worldline 6264,000000 4589,000000 0,000000 1,000000 7925,000000 4589,000000 0,000000 1,000000
worldline 2700,000000 966,000000 0,000000 1,000000 2700,000000 4050,000000 0,000000 1,000000
worldline 2700,000000 966,000000 0,000000 1,000000 6725,000000 966,000000 0,000000 1,000000
worldline 6725,000000 966,000000 0,000000 1,000000 6725,000000 4050,000000 0,000000 1,000000
worldline 6725,000000 4050,000000 0,000000 1,000000 2700,000000 4050,000000 0,000000 1,000000
worldline 3200,000000 3446,000000 0,000000 1,000000 3200,000000 4050,000000 0,000000 1,000000
worldline 3200,000000 3446,000000 0,000000 1,000000 6225,000000 3446,000000 0,000000 1,000000
worldline 6225,000000 4050,000000 0,000000 1,000000 6225,000000 3446,000000 0,000000 1,000000
worldline 4600,000000 2296,000000 0,000000 1,000000 4800,000000 2296,000000 0,000000 1,000000
worldline 4700,000000 2196,000000 0,000000 1,000000 4700,000000 2396,000000 0,000000 1,000000
#worldline 4100,000000 966,000000 0,000000 1,000000 4700,000000 1566,000000 0,000000 1,000000 
#worldline 5300,000000 966,000000 0,000000 1,000000 4700,000000 1566,000000 0,000000 1,000000
worldline 5300,000000 966,000000 0,000000 1,000000 5300,000000 1266,000000 0,000000 1,000000
worldline 4100,000000 966,000000 0,000000 1,000000 4100,000000 1266,000000 0,000000 1,000000
worldline 4100,000000 1266,000000 0,000000 1,000000 4400,000000 1566,000000 0,000000 1,000000
worldline 5300,000000 1266,000000 0,000000 1,000000 5000,000000 1566,000000 0,000000 1,000000
worldline 4400,000000 1566,000000 0,000000 1,000000 4700,000000 1566,000000 0,000000 1,000000 
worldline 5000,000000 1566,000000 0,000000 1,000000 4700,000000 1566,000000 0,000000 1,000000 
